png/boardtexture.png

0 0 400 400
1200 0 400 400

2

png/p2.png 700 930 1 6
png/p1.png 700 930 18 6

400 0 400 400
800 0 400 400

20 8

-2  -2  -2  -2  -2  -2  -2  -2  -2  -2  -2  -2  -2  -2  -2  -2  -2  -2  -2  -2
-2  -1  -1  -1  -1  -1  -1  -1  -1  -1  -1  -1  -1  -1  -1  -1  -1  -1  -1  -2
-2  -1  -1  -1  -1  -1  -1  -1  -1  -1  -1  -1  -1  -1  -1  -1  -1  -1  -1  -2
-2  -1  -1  -1  -1  -1  -1  -1  -1  -1  -1  -1  -1  -1  -1  -1  -1  -1  -1  -2
-2  -1  -1  -1  -1  -1  -1  -1  -1  -1  -1  -1  -1  -1  -1  -1  -1  -1  -1  -2
-2  -1  -1  -1  -1  -1  -1  -1  -1  -1  -1  -1  -1  -1  -1  -1  -1  -1  -1  -2
-2  -1  -1  -1  -1  -1  -1  -1  -1  -1  -1  -1  -1  -1  -1  -1  -1  -1  -1  -2
-2  -2  -2  -2  -2  -2  -2  -2  -2  -2  -2  -2  -2  -2  -2  -2  -2  -2  -2  -2

